00 ff ff ff ff ff ff 00 10 ac d7 40 53 39 38 31
26 19 01 03 0e 3c 22 78 ea 6e 35 a8 55 52 9f 27
0f 50 54 a5 4b 00 71 4f 81 80 a9 40 d1 c0 01 01
01 01 01 01 01 01 02 3a 80 18 71 38 2d 40 58 2c
45 00 56 50 21 00 00 1e 00 00 00 ff 00 37 36 30
50 48 35 39 47 31 38 39 53 0a 00 00 00 fc 00 44
45 4c 4c 20 53 45 32 37 31 36 48 0a 00 00 00 fd
00 38 4c 1e 53 11 00 0a 20 20 20 20 20 20 00 4b

00 ff ff ff ff ff ff 00 10 ac d7 40 53 39 38 31
26 19 01 03 0e 3c 22 78 ea 6e 35 a8 55 52 9f 27
0f 50 54 a5 4b 00 71 4f 81 80 a9 40 d1 c0 01 01
01 01 01 01 01 01 02 3a 80 18 71 38 2d 40 58 2c
45 00 56 50 21 00 00 1e 00 00 00 ff 00 37 36 30
50 48 35 39 47 31 38 39 53 0a 00 00 00 fc 00 44
45 4c 4c 20 53 45 32 37 31 36 48 0a 00 00 00 fd
00 38 4c 1e 53 11 00 0a 20 20 20 20 20 20 00 4b